13480253104	360	180	540
13502468823	117684	110349	228033
13560436666	2070	954	3024
13560439658	7926	5892	13818
13602846565	4848	2910	7758
13660577991	7650	690	8340
13719199419	240	0	240
13726230503	27162	24681	51843
13726238888	27162	24681	51843
13760778710	240	120	360
13826544101	264	0	264
13922314466	6728	3720	10448
13925057413	59301	48243	107544
13926251106	240	0	240
13926435656	1644	1512	3156
15013685858	7197	3538	10735
15920133257	6092	2936	9028
15989002119	2118	180	2298
18211575961	3633	2106	5739
18320173382	11943	2412	14355
84138413	5548	1432	6980
